IPCC DDC: HadCM2 Land-Sea Mask</TITLE>

Dimension: 96 x 73
Institute: Hadley Centre
Remarks: 1=land, 0=sea
000000000000000000000000000000000000000000000000000000000000000000000000000000000000000000000000
000000000000000000000000000000000000000000000000000000000000000000000000000000000000000000000000
000000000000000000000000000000000000000000000000000000000000000000000000000000000000000000000000
000000000000000000000000000000000000000000000000000000000000000000000000000111100000111111000000
000000000000000000000000000000000000000000000000000000000000000000000000111111111111111111110000
000000000000000000000000000110000000000000000000000000000000000000000000111100111111111111100000
000000000000000000000000111111100000000000000000000000000000000000000000111000000111111111100000
000000000000000000010011111111111110000000000000000000000000000111100001111100000011111111100000
000000111000000000111111111111111111111111100000000000111000000111111001111111000011111111000000
000011111110001111111111111111111111111111111111111001111111111111111111111001100011111100000000
000011011111111111111111111111111111111111111111000001111111111111111111110001100001110000011000
001110111111111111111111111111111111111111111111000001111111111111111111000000100001100000000000
001110011111111111111111111111111111111111001000000001111111111111111110000011000000000000000000
000010011111111111111111111111111111110000010000000000000000111111111111000011110000000000000001
000100111111111111111111111111111111100000110000000000000000011111111111110011111000000000000001
101111111111111111111111111111111111110000100000000000000000001111111111111011111100000000000011
111111111111111111111111111111111111110000000000000000000000000111111111111111111100000000000000
111111111111100111111111111111111111110000000000000000000000000111111111101111100100000000000000
111111110001101111111111111111111111101000000000000000000000000111111111100111100000000000000000
100101110001101111111111111111111111001000000000000000000000000111111111111111000000000000000011
100000111111110111111111111111111110001000000000000000000000000111111111111110000000000000000011
000000001111110111111111111111110010010000000000000000000000000011111111111100000000000000000011
111000000011111111111111111111110000110000000000000000000000000011111111111100000000000000000001
111100000011111111111111111111111000000000000000000000000000000001111111111000000000000000000011
111111111111101111111111111111111000000000000000000000000000000000111111111000000000000000000011
111111111111100111111111111111111000000000000000000000000000000000011110000000000000000000000111
111111111111111100111111111111110000000000000000000000000000000000001110000000000000000000000111
111111111101111100011111111111100000000000000000000000000000000000001110000100000000000000001111
111111111101111100001110011110000000000000000000000000000000000000001110100011000000000000001111
111111111110111000001110001110000000000000000000000000000000000000000111100000000000000000001111
111111111110110000001100000111001000000000000000000000000000000000000000110000000000000000001111
111111111111100000000100000111000100000000000000000000000000000000000000010000000000000000001111
111111111111110000000100000110000100000000000000000000000000000000000000001011110000000000000111
111111111111110000000000000000000100000000000000000000000000000000000000000111111000000000000111
001111111111100000000000000100010000000000000000000000000000000000000000000011111100000000000011
000111111111100000000000000100110000000000000000000000000000000000000000000011111110000000000000
000111111111000000000000000100110000000000000000000000000000000000000000000111111110000000000000
000111111110000000000000000110111000010000000000000000000000000000000000000111111111100000000000
000011111110000000000000000010000000011000000000000000000000000000000000000111111111111000000000
000011111110000000000000000000000000001100000000000000000000000000000000000111111111111000000000
000011111110000000000000000000000000000000000000000000000000000000000000000011111111111000000000
000011111110000000000000000000000000100000000000000000000000000000000000000011111111110000000000
000011111110010000000000000000000011101000000000000000000000000000000000000011111111110000000000
000011111110010000000000000000000111111000000000000000000000000000000000000001111111110000000000
000011111100010000000000000000000111111100000000000000000000000000000000000000111111110000000000
000011111100100000000000000000011111111110000000000000000000000000000000000000111111100000000000
000011111100100000000000000000011111111110000000000000000000000000000000000000111111000000000000
000001111000000000000000000000011111111110000000000000000000000000000000000000111111000000000000
000001111000000000000000000000011111111110000000000000000000000000000000000001111110000000000000
000001110000000000000000000000011100111110000000000000000000000000000000000001111110000000000000
000000000000000000000000000000000000011110000000000000000000000000000000000001111100000000000000
000000000000000000000000000000000000001100000000000000000000000000000000000001111000000000000000
000000000000000000000000000000000000000000000001000000000000000000000000000001110000000000000000
000000000000000000000000000000000000000000000010000000000000000000000000000001100000000000000000
000000000000000000000000000000000000000000000100000000000000000000000000000001100000000000000000
000000000000000000000000000000000000000000000000000000000000000000000000000001100000000000000000
000000000000000000000000000000000000000000000000000000000000000000000000000001000000000000000000
000000000000000000000000000000000000000000000000000000000000000000000000000001000000000000000000
000000000000000000000000000000000000000000000000000000000000000000000000000000100000000000000000
000000000000000000000000000000000000000000000000000000000000000000000000000000000000000000000000
000000000000000000000000000000000000000000000000000000000000000000000000000000000000000000000000
000000000000000000000000000000000000000000000000000000000000000000000000000000000000000000000000
000000000000000000000000000000000000000000000000000000000000000000000000000000010000000000000000
000000000000011100000001111111111111111000000000000000000000000000000000000000110000000000000000
000000001111111111111111111111111111111111100000000000000000000000000000000001110000000000000000
111111111111111111111111111111111111111111111000000000000000000000000000000001110000000000000111
111111111111111111111111111111111111111111111000000000000000111111111111111111110000000000111111
111111111111111111111111111111111111111111111110000111111111111111111111111111110000000011111111
111111111111111111111111111111111111111111111100000111111111111111111111111111111111111111111111
111111111111111111111111111111111111111111111111100000111111111111111111111111111111111111111111
111111111111111111111111111111111111111111111111111111111111111111111111111111111111111111111111
111111111111111111111111111111111111111111111111111111111111111111111111111111111111111111111111
111111111111111111111111111111111111111111111111111111111111111111111111111111111111111111111111

