 1850 -1.757 -0.267 -0.409 -0.779 -0.552  0.130 -0.652 -0.291 -0.229 -0.219 -0.379  0.304 -0.425
 1850      3      3      3      3      2      2      3      3      2      2      2      2
 1851  0.570  0.269 -0.711  0.402 -0.357 -0.148 -0.009  0.424  0.031  0.655 -0.530 -0.733 -0.011
 1851      3      3      3      3      3      3      3      3      3      3      3      3
 1852 -0.226  0.166 -0.015 -0.979 -0.098 -0.140  0.029 -0.399 -0.178 -0.795 -0.501  0.634 -0.208
 1852      3      3      3      3      3      3      3      3      3      3      3      3
 1853  0.055 -0.922 -1.433 -0.650 -0.325 -0.363  0.320  0.167 -0.401 -0.052 -0.350 -0.824 -0.398
 1853      3      3      3      3      3      3      3      3      3      3      3      3
 1854 -0.254  0.340 -0.021 -0.044  0.489  0.034  0.577  0.423  0.193  0.425 -0.718  0.131  0.131
 1854      3      3      3      3      3      3      3      3      3      3      3      3
 1855  0.328 -1.180 -0.476  0.530  0.337  0.219  0.309  0.266 -0.191  0.226 -0.536 -1.160 -0.111
 1855      3      3      3      3      3      3      3      3      3      3      3      3
 1856 -0.415 -0.580 -0.721  0.325 -0.424  0.276 -0.356 -0.020 -0.329 -0.501 -1.364 -0.322 -0.369
 1856      4      4      4      4      4      4      4      4      4      3      3      3
 1857 -1.054  0.450 -0.525 -0.961 -0.789 -0.051  0.129  0.214 -0.139 -0.349 -0.584  0.695 -0.247
 1857      4      4      4      4      4      4      4      4      4      4      4      4
 1858  0.320 -0.999 -0.450 -0.261 -0.306  0.141 -0.464 -0.420 -0.486 -0.067 -1.496 -0.328 -0.401
 1858      4      4      4      4      4      4      4      4      4      4      4      4
 1859 -0.267 -0.170 -0.212 -0.112 -0.034 -0.130 -0.121 -0.185 -0.725  0.002 -0.413 -0.816 -0.265
 1859      4      4      4      4      4      4      4      4      4      4      4      4
 1860  0.340 -0.737 -0.956 -0.355 -0.291  0.106 -0.124  0.033 -0.250 -0.127 -0.885 -1.008 -0.354
 1860      4      4      4      4      4      4      4      4      4      4      4      4
 1861 -1.247  0.203  0.180 -0.364 -0.820  0.245 -0.305 -0.208 -0.250 -0.203 -0.575 -0.261 -0.300
 1861      4      4      4      4      4      4      4      4      4      4      4      4
 1862 -0.894 -1.166 -0.230 -0.299 -0.208 -0.286 -0.533 -0.862 -0.390 -0.610 -0.803 -0.796 -0.590
 1862      4      4      4      4      4      4      4      4      4      4      4      4
 1863  0.827  0.195 -0.481 -0.360 -0.346 -0.427 -0.459 -0.551 -0.763 -0.689 -0.593 -0.366 -0.334
 1863      3      4      4      4      4      3      3      3      3      3      4      3
 1864 -1.278 -0.728 -0.539 -0.610 -0.466 -0.031 -0.117 -0.648 -0.185 -1.146 -0.922 -0.906 -0.631
 1864      4      4      4      4      4      4      4      4      4      4      4      4
 1865 -0.335 -1.076 -1.002  0.056 -0.212  0.019  0.043 -0.319  0.218 -0.506  0.084 -0.510 -0.295
 1865      4      4      4      4      4      4      4      4      4      4      4      4
 1866  0.279 -0.385 -0.801 -0.144 -0.471 -0.135 -0.233 -0.456 -0.074 -0.649 -0.827 -0.409 -0.359
 1866      4      4      4      4      4      4      4      4      4      4      4      4
 1867 -0.542  0.440 -1.428 -0.354 -0.755 -0.159 -0.369 -0.173 -0.053 -0.039 -0.490 -0.688 -0.384
 1867      4      4      4      4      4      4      4      4      4      4      4      4
 1868 -1.251 -0.852 -0.131 -0.589  0.211  0.066  0.238 -0.071 -0.343 -0.084 -0.756 -0.236 -0.316
 1868      4      4      4      4      4      4      4      5      5      4      5      5
 1869  0.062  0.464 -0.909 -0.298 -0.387 -0.252 -0.335  0.071 -0.044 -0.956 -0.515 -0.172 -0.272
 1869      5      5      5      5      5      5      5      5      5      5      5      5
 1870  0.295 -0.432 -1.004 -0.313  0.011  0.394  0.093 -0.698 -0.170 -0.188 -0.118 -1.372 -0.292
 1870      5      5      5      5      5      5      5      5      5      5      5      5
 1871 -0.642 -0.841 -0.119 -0.236 -0.304 -0.180  0.102  0.211 -0.452 -0.696 -1.088 -0.815 -0.422
 1871      5      5      5      5      5      5      5      5      5      5      5      5
 1872  0.134 -0.248 -0.363 -0.112 -0.058  0.103 -0.027 -0.538 -0.009 -0.082 -0.291 -0.484 -0.165
 1872      5      5      5      5      5      5      5      5      5      5      5      5
 1873 -0.088 -0.635 -0.466 -0.836 -0.265  0.514 -0.220  0.179 -0.130 -0.238 -0.732  0.127 -0.233
 1873      6      6      6      5      6      6      6      6      6      6      6      5
 1874  0.188 -0.617 -0.943 -0.392 -0.820 -0.253 -0.207 -0.165 -0.147 -0.282 -0.845 -0.213 -0.392
 1874      6      6      6      6      6      6      6      6      6      6      6      6
 1875 -0.894 -1.166 -1.239 -0.636 -0.177 -0.179 -0.216 -0.265 -0.468 -0.625 -0.900 -0.506 -0.606
 1875      6      6      6      6      6      6      6      6      6      6      6      6
 1876 -0.069  0.004 -0.222 -0.160 -0.346 -0.090  0.241 -0.195  0.013 -0.266 -1.038 -0.997 -0.260
 1876      7      7      7      7      7      7      7      7      7      7      7      7
 1877 -0.003  0.198 -0.370 -0.461 -0.795  0.018  0.409  0.355 -0.235 -0.274  0.115  0.216 -0.069
 1877      6      7      7      7      7      7      7      7      7      7      7      7
 1878 -0.091  0.293  0.669  0.510 -0.407 -0.130  0.112  0.085  0.404  0.265  0.175 -0.679  0.101
 1878      7      7      7      7      7      7      7      7      7      7      7      7
 1879 -0.339 -0.381 -0.343 -0.438 -0.493 -0.507 -0.212 -0.250 -0.165 -0.161 -0.625 -0.912 -0.402
 1879      7      7      7      7      7      7      7      7      7      7      7      7
 1880  0.258 -0.096 -0.277 -0.162 -0.055  0.061 -0.089  0.346 -0.064 -0.832 -0.797 -0.266 -0.164
 1880      8      8      7      8      8      8      8      8      7      8      8      8
 1881 -1.075 -0.447 -0.565 -0.338  0.074 -0.537 -0.300 -0.071  0.069 -0.454 -0.467  0.378 -0.311
 1881      8      8      8      8      8      8      8      8      8      8      8      8
 1882  0.722  0.182  0.314 -0.467 -0.571 -0.530 -0.395  0.106  0.154 -0.087 -0.430 -0.610 -0.134
 1882      8      8      8      9      9      8      9      9      8      9      8      8
 1883 -0.714 -0.688 -0.747 -0.517 -0.447  0.287 -0.164 -0.324 -0.502 -0.459 -0.472 -0.257 -0.417
 1883      8      8      8      9      9      8      9      8      9      8      8      8
 1884 -0.539 -0.341 -0.593 -0.876 -0.942 -0.629 -0.600  0.080 -0.262 -0.398 -0.792 -0.621 -0.543
 1884      9      9      9      9      9      9      9      9      9      9      9      8
 1885 -1.039 -0.676 -0.883 -0.814 -0.718 -0.609 -0.350 -0.406 -0.153 -0.270 -0.260  0.131 -0.504
 1885      9      9      9      9      9      9      9      9      9      9      9      9
 1886 -0.541 -0.794 -0.640 -0.137 -0.356 -0.552 -0.279 -0.320 -0.136 -0.657 -0.343 -0.293 -0.421
 1886      9      9      9      9      9      9      9      9      9      9      9      9
 1887 -0.428 -0.744 -0.436 -0.547 -0.593 -0.394 -0.306 -0.347 -0.426 -0.775 -0.680 -0.528 -0.517
 1887      9     10      9      9      9      9      9     10     10     10      9      9
 1888 -0.938 -0.889 -1.328 -0.231 -0.733 -0.291 -0.337 -0.361 -0.110 -0.295 -0.247 -0.055 -0.485
 1888     10     10     10     10     10     10     10     10     10     10     10     10
 1889 -0.318 -0.275 -0.123  0.023  0.123 -0.192 -0.330 -0.504 -0.580 -0.276 -0.592  0.181 -0.239
 1889     10     10     10     10     10     10     10     10     10     10     10     10
 1890 -0.098 -0.467 -0.490 -0.238 -0.649 -0.231 -0.604 -0.574 -0.326 -0.605 -0.750 -0.633 -0.472
 1890     11     11     11     11     11     11     11     11     11     11     11     11
 1891 -0.990 -0.969 -0.725 -0.720 -0.404 -0.435 -0.590 -0.620 -0.319 -0.532 -0.737  0.024 -0.585
 1891     11     11     11     11     11     11     11     11     11     11     11     11
 1892 -0.658 -0.026 -0.590 -0.831 -0.838 -0.483 -0.506 -0.328 -0.447 -0.547 -0.673 -1.222 -0.596
 1892     11     11     11     11     11     11     11     11     11     11     11     11
 1893 -1.791 -1.362 -0.627 -0.706 -0.747 -0.646 -0.206 -0.427 -0.558 -0.319 -0.526 -0.366 -0.690
 1893     11     11     11     11     12     11     11     12     12     12     12     12
 1894 -0.506 -0.566 -0.333 -0.532 -0.740 -0.695 -0.580 -0.512 -0.890 -0.440 -0.342 -0.431 -0.547
 1894     12     12     12     12     12     12     12     12     12     12     12     12
 1895 -1.036 -1.381 -0.745 -0.499 -0.530 -0.331 -0.786 -0.314 -0.204 -0.268 -0.435 -0.163 -0.558
 1895     12     12     12     12     12     12     12     12     12     12     12     12
 1896 -0.249 -0.342 -0.711 -0.722 -0.461 -0.389 -0.311 -0.390 -0.281  0.016 -0.746  0.024 -0.380
 1896     12     12     12     12     12     12     12     12     12     12     12     12
 1897 -0.586 -0.352 -0.692  0.035 -0.175 -0.070 -0.162 -0.363 -0.155 -0.333 -0.341 -0.392 -0.299
 1897     13     12     13     13     13     13     13     13     13     13     13     13
 1898  0.215 -0.427 -1.086 -0.671 -0.776 -0.168 -0.372 -0.224 -0.155 -0.570 -0.408 -0.103 -0.395
 1898     13     13     13     13     13     13     13     13     13     13     13     13
 1899 -0.311 -0.607 -0.619 -0.192 -0.519 -0.580 -0.305 -0.268  0.014 -0.331  0.168 -0.398 -0.329
 1899     13     13     13     13     13     13     13     13     13     13     13     13
 1900 -0.357 -0.233 -0.421 -0.370 -0.268  0.077 -0.254 -0.193 -0.257  0.228 -0.105  0.118 -0.170
 1900     13     13     13     13     13     13     13     13     13     13     13     13
 1901 -0.246 -0.454 -0.266 -0.166 -0.138  0.066 -0.108 -0.124 -0.052 -0.201 -0.190 -0.301 -0.182
 1901     14     14     14     14     14     14     14     14     14     14     14     14
 1902 -0.068 -0.085 -0.253 -0.344 -0.299 -0.217 -0.380 -0.578 -0.417 -0.496 -0.432 -0.691 -0.355
 1902     14     14     14     14     14     14     14     14     14     14     14     14
 1903 -0.142  0.046 -0.120 -0.541 -0.550 -0.537 -0.476 -0.474 -0.372 -0.556 -0.618 -0.803 -0.429
 1903     14     14     14     14     14     14     14     14     14     14     14     14
 1904 -0.863 -0.800 -0.923 -0.439 -0.547 -0.460 -0.477 -0.496 -0.540 -0.483 -0.316 -0.504 -0.571
 1904     14     14     14     14     14     14     14     14     14     14     14     14
 1905 -0.558 -1.203 -0.504 -0.613 -0.408 -0.153 -0.396 -0.377 -0.312 -0.554 -0.123 -0.081 -0.440
 1905     15     15     15     15     15     15     15     15     15     15     15     15
 1906  0.108 -0.313 -0.501  0.135  0.002 -0.144 -0.185 -0.241 -0.371 -0.272 -0.669 -0.260 -0.226
 1906     15     15     15     15     15     15     15     15     15     15     15     15
 1907 -0.636 -0.699 -0.546 -0.869 -0.922 -0.666 -0.496 -0.609 -0.427 -0.196 -0.747 -0.571 -0.615
 1907     16     16     16     16     16     16     16     16     16     16     16     16
 1908 -0.205 -0.406 -0.746 -0.543 -0.445 -0.399 -0.396 -0.590 -0.390 -0.680 -0.667 -0.392 -0.488
 1908     16     16     16     16     16     16     16     16     16     16     16     16
 1909 -0.623 -0.703 -0.737 -0.770 -0.802 -0.322 -0.395  0.009 -0.174 -0.159 -0.173 -0.720 -0.464
 1909     16     16     16     16     16     16     16     16     16     16     16     16
 1910 -0.168 -0.396 -0.395 -0.255 -0.304 -0.200 -0.202 -0.134 -0.129 -0.472 -0.787 -0.662 -0.342
 1910     16     16     16     16     17     16     16     16     17     16     16     16
 1911 -0.603 -0.898 -0.752 -0.723 -0.468 -0.555 -0.299 -0.311 -0.367 -0.386 -0.145 -0.020 -0.461
 1911     17     17     17     17     17     17     17     17     17     17     17     17
 1912 -0.312  0.015 -0.391 -0.357 -0.310 -0.081 -0.586 -0.612 -0.592 -0.665 -0.537 -0.227 -0.388
 1912     17     17     17     17     17     17     17     17     17     17     17     17
 1913 -0.258 -0.576 -0.642 -0.218 -0.842 -0.631 -0.221 -0.197 -0.339 -0.352  0.121  0.191 -0.331
 1913     17     17     17     17     17     17     17     17     17     17     17     17
 1914  0.436  0.140 -0.101 -0.222 -0.082  0.009 -0.136 -0.121 -0.180 -0.015 -0.273 -0.251 -0.066
 1914     17     17     17     17     17     17     17     17     17     17     17     17
 1915 -0.107  0.394 -0.477  0.106 -0.299 -0.235  0.105 -0.139  0.042 -0.168 -0.004 -0.130 -0.076
 1915     17     17     17     17     17     17     17     17     17     17     17     17
 1916  0.028 -0.054 -0.562 -0.309 -0.310 -0.518 -0.296 -0.283 -0.225 -0.333 -0.551 -0.879 -0.358
 1916     17     17     17     17     17     17     17     17     17     17     17     17
 1917 -0.573 -1.247 -1.118 -0.773 -1.203 -0.420 -0.104 -0.462 -0.246 -0.622 -0.433 -1.110 -0.693
 1917     17     17     17     17     17     17     17     17     17     17     17     17
 1918 -0.886 -0.673 -0.617 -0.627 -0.781 -0.351 -0.521 -0.406 -0.358  0.024 -0.308 -0.227 -0.478
 1918     17     17     17     17     17     17     17     17     17     17     17     17
 1919 -0.034 -0.202 -0.422  0.009 -0.291 -0.049 -0.212 -0.264 -0.183 -0.318 -0.736 -0.357 -0.255
 1919     17     17     17     17     17     17     17     16     16     16     16     16
 1920 -0.171 -0.446 -0.201 -0.350 -0.258 -0.263 -0.178 -0.276 -0.120 -0.405 -0.499 -0.466 -0.303
 1920     16     17     16     16     17     17     17     16     16     17     17     17
 1921  0.150 -0.195 -0.131 -0.134  0.090  0.058 -0.062 -0.402 -0.203 -0.297 -0.578 -0.200 -0.159
 1921     17     17     17     17     18     17     18     17     17     18     18     18
 1922 -0.553 -0.412 -0.329 -0.022 -0.219 -0.241 -0.267 -0.308 -0.167 -0.294 -0.126 -0.190 -0.261
 1922     18     18     18     18     18     18     18     18     18     18     18     18
 1923  0.012 -0.479 -0.277 -0.611 -0.375 -0.252 -0.572 -0.555 -0.288 -0.240  0.024  0.122 -0.291
 1923     18     18     18     18     18     18     18     18     18     19     18     18
 1924 -0.434 -0.506 -0.472 -0.681 -0.399 -0.174 -0.215 -0.264 -0.150 -0.230 -0.297 -0.675 -0.375
 1924     19     19     19     19     19     18     19     19     19     19     19     19
 1925 -0.521 -0.176 -0.295 -0.176 -0.444 -0.325 -0.472 -0.132 -0.403 -0.564 -0.107  0.190 -0.285
 1925     19     19     19     19     19     19     19     19     19     19     19     19
 1926  0.328  0.552  0.102 -0.234 -0.561 -0.118 -0.211 -0.025 -0.013 -0.044  0.052 -0.447 -0.052
 1926     19     19     20     20     20     20     20     20     20     20     20     20
 1927 -0.205 -0.171 -0.324 -0.407 -0.505 -0.246 -0.116 -0.219 -0.043  0.155  0.003 -0.744 -0.235
 1927     20     20     20     20     20     20     20     20     20     20     20     20
 1928 -0.041 -0.176 -0.399 -0.132 -0.386 -0.542 -0.112 -0.103 -0.004 -0.041  0.123 -0.063 -0.157
 1928     20     20     20     20     20     20     20     20     20     20     20     20
 1929 -0.517 -1.046 -0.500 -0.618 -0.504 -0.393 -0.443 -0.249 -0.283 -0.030 -0.029 -0.654 -0.439
 1929     20     20     20     20     20     20     20     20     20     20     20     20
 1930 -0.392 -0.085 -0.083 -0.165 -0.287  0.040 -0.041 -0.124 -0.210 -0.293  0.062 -0.087 -0.139
 1930     20     20     20     20     20     20     20     20     20     20     20     20
 1931 -0.001 -0.303 -0.228 -0.392 -0.355 -0.015  0.034  0.022 -0.155  0.067 -0.313  0.072 -0.131
 1931     21     21     21     21     21     21     21     21     21     21     21     21
 1932  0.761 -0.347 -0.484  0.041 -0.231 -0.192 -0.021 -0.146  0.029  0.028 -0.168 -0.108 -0.070
 1932     21     21     21     21     21     21     21     21     21     21     21     21
 1933 -0.396 -0.478 -0.371 -0.252 -0.197 -0.186 -0.153 -0.118 -0.097 -0.008 -0.393 -0.817 -0.289
 1933     21     21     22     22     22     22     22     22     22     22     22     22
 1934 -0.105 -0.082 -0.339 -0.379  0.161  0.020  0.056  0.026 -0.123 -0.104  0.021  0.030 -0.068
 1934     22     22     22     22     22     22     22     22     22     22     22     22
 1935 -0.378  0.520 -0.021 -0.564 -0.443 -0.182 -0.066 -0.116 -0.230  0.100 -0.418 -0.257 -0.171
 1935     22     22     22     22     22     22     22     22     22     22     22     22
 1936 -0.213 -0.708 -0.303 -0.330 -0.168 -0.082  0.292  0.068 -0.095  0.009  0.032  0.128 -0.114
 1936     22     23     23     23     23     23     23     23     23     23     23     23
 1937 -0.296  0.044 -0.539 -0.359 -0.117  0.060 -0.069  0.174  0.168  0.220  0.118 -0.219 -0.068
 1937     23     23     23     23     23     23     23     23     23     23     23     23
 1938  0.016  0.084  0.305  0.241  0.113 -0.030  0.063 -0.012  0.186  0.408  0.209 -0.264  0.110
 1938     23     23     23     23     23     23     23     23     23     23     23     23
 1939  0.160 -0.019 -0.481 -0.236  0.103  0.149 -0.062  0.007 -0.238 -0.332 -0.200  0.424 -0.060
 1939     23     24     23     24     24     23     24     24     24     24     23     23
 1940 -0.624 -0.131 -0.080 -0.111 -0.198  0.188  0.158  0.019  0.148 -0.019 -0.118  0.366 -0.033
 1940     23     23     23     23     23     23     23     23     24     24     24     23
 1941 -0.161  0.095 -0.241  0.046 -0.033  0.144  0.204  0.051 -0.239  0.153 -0.149 -0.044 -0.015
 1941     25     25     25     25     25     25     25     25     25     25     25     25
 1942  0.115 -0.291 -0.092 -0.044 -0.106  0.078 -0.136  0.057  0.115  0.007  0.045 -0.104 -0.030
 1942     25     25     25     25     25     25     25     25     25     25     25     25
 1943 -0.352  0.109 -0.280 -0.005 -0.075 -0.299 -0.005 -0.326 -0.041  0.348 -0.134  0.194 -0.072
 1943     26     26     26     26     25     26     25     25     25     25     25     25
 1944  0.505  0.147 -0.021 -0.170 -0.163 -0.006  0.120  0.184  0.416  0.307 -0.028 -0.312  0.082
 1944     25     25     26     25     25     25     25     25     25     25     26     25
 1945 -0.205 -0.379 -0.143  0.151 -0.362 -0.141 -0.207  0.452  0.135  0.069 -0.119 -0.575 -0.110
 1945     26     26     26     25     25     26     26     25     26     26     26     26
 1946  0.029  0.143 -0.289  0.076 -0.055 -0.285  0.013 -0.037  0.082 -0.197 -0.011 -0.457 -0.082
 1946     26     26     26     26     26     26     26     26     26     26     26     26
 1947 -0.155 -0.178 -0.006  0.047 -0.016  0.147 -0.054  0.043 -0.038  0.186  0.045 -0.277 -0.021
 1947     27     27     27     27     27     27     27     27     27     27     27     27
 1948  0.256 -0.127 -0.469 -0.125  0.056  0.127 -0.108 -0.111 -0.002  0.066 -0.115 -0.162 -0.059
 1948     27     27     27     27     27     27     27     27     27     27     27     27
 1949  0.212 -0.416 -0.383 -0.237 -0.174 -0.226 -0.112 -0.060 -0.093  0.027 -0.016 -0.294 -0.148
 1949     28     28     28     28     28     28     28     28     28     28     28     28
 1950 -0.608 -0.376 -0.257 -0.297 -0.187 -0.098 -0.200 -0.326 -0.186 -0.309 -0.670 -0.325 -0.320
 1950     29     29     29     29     29     29     29     29     29     29     29     29
 1951 -0.537 -0.734 -0.328 -0.182 -0.068 -0.075 -0.060  0.039  0.110  0.047 -0.018  0.248 -0.130
 1951     33     34     33     33     34     33     34     34     34     34     34     34
 1952  0.299  0.083 -0.246 -0.063 -0.045 -0.082  0.078  0.068  0.088 -0.095 -0.435 -0.116 -0.039
 1952     34     34     34     34     34     34     34     34     34     34     34     34
 1953  0.077  0.109  0.183  0.123 -0.016  0.098 -0.150  0.075  0.066  0.088 -0.116  0.163  0.058
 1953     34     34     34     35     34     35     34     34     34     34     34     35
 1954 -0.457 -0.202 -0.272 -0.283 -0.322 -0.191 -0.238 -0.103 -0.061 -0.009  0.122 -0.233 -0.187
 1954     35     35     35     35     35     35     35     35     35     35     35     35
 1955  0.243 -0.088 -0.648 -0.378 -0.262 -0.141 -0.299 -0.024 -0.043 -0.062 -0.334 -0.432 -0.206
 1955     35     35     35     35     35     35     35     35     35     35     35     35
 1956 -0.432 -0.669 -0.541 -0.488 -0.483 -0.308 -0.259 -0.395 -0.417 -0.282 -0.493 -0.432 -0.433
 1956     36     36     36     36     36     36     36     36     36     36     36     36
 1957 -0.285 -0.234 -0.320 -0.130 -0.073  0.064 -0.239  0.008  0.032 -0.017  0.215  0.368 -0.051
 1957     36     36     36     36     36     36     36     36     36     36     36     36
 1958  0.424  0.256  0.080  0.126  0.085 -0.037  0.085 -0.101 -0.155  0.035  0.142  0.001  0.078
 1958     36     36     36     36     36     36     36     36     36     36     36     36
 1959  0.071  0.045  0.154  0.027 -0.186  0.083  0.062 -0.024  0.001 -0.155 -0.179 -0.032 -0.011
 1959     36     36     36     36     36     36     36     36     36     36     36     36
 1960  0.057  0.317 -0.610 -0.324 -0.449 -0.026 -0.172 -0.051  0.010  0.058 -0.198  0.186 -0.100
 1960     36     36     36     36     36     36     36     36     36     36     36     36
 1961  0.068  0.207  0.057  0.090  0.097  0.067 -0.039  0.001  0.095  0.039 -0.010 -0.158  0.043
 1961     36     36     37     36     37     37     37     36     36     36     36     36
 1962  0.077  0.163 -0.036 -0.072 -0.163 -0.068 -0.123 -0.071  0.028  0.125  0.100  0.046  0.001
 1962     37     37     37     36     37     36     37     37     37     37     37     37
 1963 -0.152  0.314 -0.231 -0.214 -0.152 -0.103  0.090  0.045  0.144  0.304  0.105 -0.085  0.006
 1963     37     37     37     37     37     37     37     37     37     37     37     37
 1964  0.001 -0.293 -0.382 -0.279 -0.210 -0.297 -0.218 -0.271 -0.267 -0.426 -0.280 -0.529 -0.288
 1964     37     37     37     37     37     37     37     37     37     37     37     37
 1965 -0.113 -0.311 -0.293 -0.463 -0.202 -0.033 -0.310 -0.182 -0.153 -0.055 -0.190 -0.107 -0.201
 1965     37     37     37     37     37     37     37     37     37     37     37     37
 1966 -0.148 -0.058 -0.031 -0.197 -0.189  0.098 -0.002 -0.096 -0.074 -0.179 -0.145 -0.439 -0.122
 1966     37     37     37     37     37     37     37     37     37     37     37     37
 1967 -0.194 -0.403 -0.220 -0.074  0.102 -0.278 -0.172 -0.090 -0.134  0.276 -0.079 -0.163 -0.119
 1967     37     37     38     37     37     37     37     37     37     37     37     37
 1968 -0.331 -0.311  0.195 -0.283 -0.402 -0.290 -0.151 -0.183 -0.224 -0.113 -0.124 -0.315 -0.211
 1968     37     37     37     37     37     37     37     37     37     37     37     37
 1969 -0.454 -0.464 -0.142  0.068  0.035 -0.042  0.056  0.001 -0.087 -0.036  0.155  0.201 -0.059
 1969     38     37     37     37     38     37     37     37     37     37     37     37
 1970 -0.019  0.336 -0.181  0.086 -0.082  0.144  0.001 -0.046  0.016 -0.092 -0.117 -0.297 -0.021
 1970     37     37     37     37     37     37     37     37     37     37     37     37
 1971 -0.104 -0.404 -0.389 -0.353 -0.342 -0.345 -0.130 -0.086  0.017 -0.066 -0.111 -0.139 -0.204
 1971     36     36     36     36     36     36     36     36     36     36     36     36
 1972 -0.671 -0.617 -0.312 -0.197 -0.133  0.045 -0.043 -0.041 -0.103 -0.114 -0.108  0.208 -0.174
 1972     36     36     36     36     36     36     35     36     36     36     35     35
 1973  0.300  0.456  0.408  0.249  0.190  0.306  0.106  0.025 -0.035  0.050 -0.140 -0.087  0.152
 1973     35     35     35     36     36     35     35     35     35     35     35     35
 1974 -0.475 -0.604 -0.257 -0.231 -0.252 -0.213 -0.069 -0.177 -0.331 -0.348 -0.305 -0.375 -0.303
 1974     35     36     36     36     36     36     35     35     35     35     35     35
 1975 -0.003 -0.098 -0.061 -0.047  0.011 -0.013 -0.034 -0.212  0.036 -0.271 -0.319 -0.364 -0.115
 1975     35     35     35     35     35     35     35     34     34     34     34     34
 1976 -0.227 -0.394 -0.738 -0.299 -0.352 -0.307 -0.282 -0.316 -0.281 -0.630 -0.420 -0.195 -0.370
 1976     35     35     35     35     35     35     35     35     35     35     35     34
 1977 -0.373  0.161  0.282  0.202  0.037  0.173  0.067  0.025 -0.009  0.069  0.311  0.021  0.081
 1977     35     35     35     35     35     35     34     35     34     35     34     34
 1978  0.025  0.068  0.139  0.009 -0.049 -0.177 -0.026 -0.284 -0.096 -0.138  0.034 -0.108 -0.050
 1978     35     35     35     35     35     35     35     34     34     34     35     34
 1979 -0.057 -0.193  0.089 -0.170 -0.112  0.080  0.006  0.118  0.066  0.192  0.140  0.599  0.063
 1979     34     34     35     34     34     34     34     35     34     34     34     34
 1980  0.097  0.195  0.021  0.220  0.315  0.118  0.044  0.088  0.108  0.080  0.297  0.131  0.143
 1980     34     34     34     34     34     34     34     34     34     34     33     33
 1981  0.550  0.493  0.449  0.388  0.147  0.093  0.117  0.230  0.101 -0.060  0.033  0.444  0.249
 1981     35     36     36     35     35     35     35     35     35     35     35     35
 1982 -0.051  0.050 -0.172  0.000  0.070 -0.115 -0.004  0.063  0.069 -0.121  0.002  0.410  0.017
 1982     34     34     34     34     34     35     35     35     35     35     35     35
 1983  0.640  0.543  0.360  0.208  0.242  0.123  0.204  0.296  0.369  0.204  0.473  0.131  0.316
 1983     34     35     35     35     35     35     35     35     35     35     35     35
 1984  0.015 -0.075 -0.009 -0.093  0.190 -0.031 -0.051  0.013 -0.126  0.076 -0.159 -0.442 -0.058
 1984     35     35     35     35     35     35     35     35     35     34     35     35
 1985  0.070 -0.227 -0.015  0.020  0.073 -0.054 -0.085  0.156 -0.016  0.010 -0.063  0.030 -0.008
 1985     35     35     35     36     35     35     35     35     35     35     35     35
 1986  0.389  0.183  0.212  0.296  0.210  0.162 -0.039  0.029 -0.008 -0.034 -0.089  0.096  0.117
 1986     35     35     35     35     35     34     35     34     35     35     35     35
 1987  0.259  0.642 -0.045  0.301  0.146  0.262  0.387  0.161  0.267  0.250  0.249  0.566  0.287
 1987     35     35     35     35     35     34     35     35     35     35     35     35
 1988  0.595  0.254  0.438  0.340  0.317  0.390  0.291  0.335  0.391  0.383  0.102  0.339  0.348
 1988     35     35     35     35     35     34     34     35     34     34     35     34
 1989  0.142  0.322  0.256  0.210  0.117  0.119  0.158  0.193  0.210  0.304  0.087  0.270  0.199
 1989     34     35     34     34     34     34     35     34     34     34     34     34
 1990  0.429  0.414  0.910  0.452  0.339  0.347  0.270  0.312  0.158  0.478  0.668  0.399  0.431
 1990     34     34     34     34     33     33     33     33     33     33     33     33
 1991  0.371  0.523  0.330  0.508  0.316  0.554  0.394  0.320  0.355  0.267  0.106  0.073  0.343
 1991     32     31     31     31     30     31     31     31     31     31     30     31
 1992  0.559  0.416  0.447  0.150  0.167  0.165 -0.212 -0.039 -0.186 -0.169 -0.248  0.056  0.092
 1992     31     30     30     30     31     31     30     31     31     30     31     31
 1993  0.362  0.219  0.295  0.266  0.286  0.198  0.203  0.157 -0.096  0.128 -0.189  0.271  0.175
 1993     31     31     30     31     30     30     31     30     31     31     30     31
 1994  0.371 -0.166  0.259  0.386  0.436  0.419  0.267  0.262  0.360  0.369  0.521  0.517  0.333
 1994     31     31     31     31     30     31     31     30     31     31     31     30
 1995  0.682  0.810  0.360  0.344  0.293  0.475  0.435  0.564  0.446  0.536  0.437  0.231  0.468
 1995     31     30     31     31     31     31     30     31     31     30     31     31
 1996  0.145  0.319  0.090 -0.003  0.265  0.272  0.261  0.301  0.157  0.187  0.112  0.342  0.204
 1996     31     30     31     30     30     30     30     30     30     30     30     30
 1997  0.346  0.526  0.300  0.201  0.277  0.530  0.453  0.457  0.609  0.528  0.560  0.773  0.463
 1997     30     30     30     30     30     30     30     30     30     30     30     30
 1998  0.726  1.369  0.779  0.956  0.873  0.850  0.928  0.896  0.661  0.706  0.370  0.729  0.820
 1998     30     31     30     30     30     31     31     31     31     30     31     30
 1999  0.697  0.946  0.353  0.354  0.394  0.440  0.450  0.429  0.560  0.438  0.268  0.540  0.489
 1999     30     31     30     30     30     31     31     31     30     30     30     30
 2000  0.218  0.659  0.529  0.705  0.327  0.345  0.288  0.427  0.389  0.225  0.048  0.177  0.361
 2000     30     30     30     30     30     30     30     30     30     30     29     29
 2001  0.611  0.499  0.660  0.523  0.524  0.469  0.523  0.738  0.515  0.530  0.672  0.365  0.552
 2001     27     28     28     28     27     27     27     28     28     28     27     27
 2002  0.934  1.000  0.898  0.686  0.595  0.513  0.685  0.570  0.656  0.461  0.616  0.349  0.664
 2002     27     27     28     28     28     28     28     28     29     28     29     28
 2003  0.811  0.573  0.448  0.532  0.749  0.774  0.527  0.588  0.644  0.663  0.606  0.843  0.646
 2003     28     28     27     28     28     28     28     27     28     29     28     28
 2004  0.730  0.906  0.822  0.714  0.228  0.539  0.329  0.419  0.476  0.800  0.839  0.530  0.611
 2004     29     28     28     28     27     27     28     27     27     27     27     28
 2005  0.767  0.563  0.783  0.882  0.673  0.825  0.801  0.643  0.761  0.854  0.865  0.542  0.747
 2005     28     27     27     27     28     27     27     28     27     26     27     27
 2006  0.657  0.740  0.638  0.551  0.269  0.655  0.797  0.638  0.629  0.891  0.712  0.851  0.669
 2006     26     27     27     27     27     27     27     26     27     26     27     26
 2007  1.104  0.867  0.749  0.851  0.623  0.412  0.403  0.555  0.780  0.792  0.505  0.490  0.678
 2007     27     27     26     26     26     28     27     27     28     27     27     27
 2008  0.234  0.337  0.907  0.377  0.297  0.428  0.690  0.450  0.509  0.800  0.773  0.532  0.528
 2008     27     26     26     28     27     27     26     28     27     27     27     27
 2009  0.576  0.731  0.615  0.694  0.536  0.566  0.495  0.917  0.794  0.594  0.766  0.447  0.644
 2009     28     29     28     27     28     28     28     28     27     27     27     28
 2010  0.727  0.687  0.971  0.825  0.736  0.000  0.000  0.000  0.000  0.000  0.000  0.000  0.789
 2010     27     26     27     26     26      0      0      0      0      0      0      0
