Dimension: 64 x 32
Institute: CCSR
Remarks: 1=land, 0=sea

0000000000000000000000000000000000000000000000000000000000000000
0000000000000000000000000000000000000000000000001111111111111000
0000000000000000111110000000000000000000000100001100001111111000
0000111000111111111111111111111110011111111111011101100111110000
0011111111111111111111111111111100011111111111111001100010000000
0011111111111111111111111100110000001000111111110001100000000000
0111111111111111111111111100100000000000001111111111110000000001
1111111110111111111111111000000000000000001111111111100000000000
1000111010111111111111110000000000000000001111111111000000000001
1100000111111111111111000000000000000000000111111110000000000001
1111111111111111111111000000000000000000000011111100000000000001
1111111111101111111111000000000000000000000001100000000000000011
1111111011100011011100000000000000000000000000111000000000000011
1111111110000010001100000000000000000000000000001100000000000111
1111111110000000001000000000000000000000000000000011110000000011
0011111110000000001111000000000000000000000000000011111000000000
0011111100000000000010000100000000000000000000000011111110000000
0001111100000000000000000000000000000000000000000011111111000000
0001111100000000000000011000000000000000000000000001111111000000
0001111010000000000000111110000000000000000000000000111110000000
0001111000000000000001111111000000000000000000000000111100000000
0001110000000000000001111111000000000000000000000000111100000000
0000000000000000000000000110000000000000000000000000110000000000
0000000000000000000000000000000000000000000000000001100000000000
0000000000000000000000000000000000000000000000000001100000000000
0000000000000000000000000000000000000000000000000001000000000000
0000000000000000000000000000000000000000000000000000000000000000
0000000000000000000000000000000000000000000000000000000000000000
0000001111111011111111111111100000000000000000000000100000000000
1111111111111111111111111111110000000000111111111111100000000111
1111111111111111111111111111110000000111111111111111101111111111
1111111111111111111111111111111111111111111111111111111111111111