Dimension: 064x056
Institute: CSIRO
Remarks: 1=land, 0=sea
0000000000000000000000000000000000000000000000000000000000000000
0000000000000000000000000000000000000000000000000000000000000000
0000000000000000000000000000000000000000000000000000011111111000
0010000000000000000000000000000000000000000000000001111111111000
0000000000000000111110000000000000000000000000000000001111111000
0000000000001111111111100110000000000000001011111111000111110000
0000111101111111111111111111111110011111111111111101100111100000
0001111111111111111111111111111111011111111111111001100111000100
0011011111111111111111111111111100011111111111110000000010000000
0011011111111111111111111110010000001000111111110001100000000000
0000111111111111111111111000100000000000011111111001110000000001
1111111111111111111111111100000000000000001111111111110000000001
1111111111111111111111111000000000000000001111111111101000000000
1111110110111111111111111000000000000000001111111111100000000000
1000100010111111111111110000000000000000001111111111000000000001
0000111110111111111111100100000000000000001111111110000000000001
0100001111111111111111001000000000000000000111111110000000000000
1110000111111111111111010000000000000000000111111100000000000001
1111111111111111111111000000000000000000000011111100000000000001
1111111110011111111111000000000000000000000001100000000000000011
1111111111100111111110000000000000000000000001100000000000000011
1111111111100111011100000000000000000000000000100000000000000011
1111111111000110011100000000000000000000000000011000000000000011
1111111110000010001100000000000000000000000000001100000000000011
1111111111000010000100000000000000000000000000000101100000000011
1111111110000000000000100000000000000000000000000011110000000011
0011111110000000000000000000000000000000000000000001111000000000
0011111100000000001001000000000000000000000000000011111100000000
0011111100000000001101100110000000000000000000000011111110000000
0001111100000000000100000110000000000000000000000011111111000000
0001111100000000000000000110000000000000000000000011111111000000
0001111100000000000000000000000000000000000000000001111111000000
0001111000000000000000011010000000000000000000000001111111000000
0001111010000000000000111110000000000000000000000001111110000000
0001111010000000000001111110000000000000000000000001111110000000
0001111010000000000001111111000000000000000000000001111100000000
0001110000000000000001111111000000000000000000000001111100000000
0001110000000000000001111111000000000000000000000001111000000000
0000100000000000000001001110000000000000000000000001111000000000
0000000000000000000000000110000000000000000000000001110000000000
0000000000000000000000000000000100000000000000000001100000000000
0000000000000000000000000010001000000000000000000001100000000000
0000000000000000000000000000000000000000000000000001100000000000
0000000000000000000000000000000000000000000000000001000000000000
0000000000000000000000000000000000000000000000000001000000000000
0000000000000000000000000000000000000000000000000000000000000000
0000000000000000000000000000000000000000000000000000000000000000
0000000000000000000000000000000000000000000000000000000000000000
0000000000000000000000000000000000000000000000000000010000000000
0000000011111001111111111111000000000000000000000000100000000000
1111111111111111111111111111111000000000000000000000100000000001
1111111111111111111111111111100000000000001111111111111111111111
1111111111111111111111111111111111111111111111111111111111111111
1111111111111111111111111111111111111111111111111111111111111111
1111111111111111111111111111111111111111111111111111111111111111
1111111111111111111111111111111111111111111111111111111111111111
