IPCC DDC: ECHAM4 Land-Sea Mask

Dimension: 128 x 64
Institute: Max-Planck-Institut
Remarks: 1=land, 0=sea

00000000000000000000000000000000000000000000000000000000000000000000000000000000000000000000000000000000000000000000000000000000
00000000000000000000000000000000000000000000000000000000000000000000000000000000000000000000000000000000000000000000000000000000
00000000000000000000000000000000000000000000000000000000000000000000000000000000000000000000000000111111110011111111111100000000
00000011000000000000000000000000001100000000000000000000000000000000000000000000000000000000000111111111111111111111111111000000
00000000000000000000000000000000001111110000000000000000000000000000000000000000000000000000000111110000011111111111111110000000
00000000000000000000100000000001111111111000000000000000000000000000000000000000000011100000000111110000000001111111111110000000
00000000000000000000100001111111111111111111111111111100000000000000000000000000000011111111111111111110000001111111111000000000
00000011111111000011111111111111111111111111111111111111111111111000001111111111111111111111111111100011100000111111100000000000
00000111111111111111111111111111111111111111111111111111111111111110011111111111111111111111111111100011110000111110000001100000
00011110011111111111111111111111111111111111111111111111111111110000001111111111111111111111111100000000000000011100000000000000
00111100011111111111111111111111111111111111111111111111111000000000000111000011111111111111111100000000000000000000000000000000
00000000111111111111111111111111111111111111111111000000110000000000000000000000011111111111111100000111110000000000000000000011
00000001111111111111111111111111111111111111111111000000110000000000000000000000001111111111111111100111111100000000000000000111
11111111111111111111111111111111111111111111111111100000000000000000000000000000000111111111111111111111111110000000000000000001
11111111111111111111111111111111111111111111111111100000000000000000000000000000000011111111111111111111100010000000000000000000
11111111111000011111111111111111111111111111111111110000000000000000000000000000000011111111111111111111100000000000000000000000
11001111110000011111111111111111111111111111111100010000000000000000000000000000000011111111111111111111000000000000000000000011
10000000100011111111111111111111111111111111110000010000000000000000000000000000000011111111111111111100000000000000000000000111
00000000100111111111111111111111111111111110010000100000000000000000000000000000000001111111111111111000000000000000000000000000
00110000000001111111111111111111111111111110000011000000000000000000000000000000000000111111111111111000000000000000000000000000
11111100000001111111111111111111111111111110000000000000000000000000000000000000000000011111111111110000000000000000000000000111
11111111111111111111111111111111111111111111000000000000000000000000000000000000000000001111111000010000000000000000000000000111
11111111111111111111111111111111111111111110000000000000000000000000000000000000000000000011110000010000000000000000000000001111
11111111111111111111100001111111111111111100000000000000000000000000000000000000000000000001110000000000000000000000000000011111
11111111111111001111100000111110011111100000000000000000000000000000000000000000000000000001110000000000000000000000000000011111
11111111111111001111000000111100001111100000000000000000000000000000000000000000000000000000111110000000000000000000000000011111
11111111111111000000000000011000000111100001000000000000000000000000000000000000000000000000000111100000000000000000000000011111
11111111111111100000000000011000000011100001100000000000000000000000000000000000000000000000000000100000000000000000000000011111
11111111111111111110000000001100000010000000100000000000000000000000000000000000000000000000000000111111111000000000000000001111
11111111111111111100000000000000000010000000000000000000000000000000000000000000000000000000000000000111111100000000000000001111
00001111111111111000000000000000000110000100000000000000000000000000000000000000000000000000000000000111111111000000000000000000
00001111111111110000000000000000000111001100000000000000000000000000000000000000000000000000000000001111111111100000000000000000
00001111111111100000000000000000000011111111000000000000000000000000000000000000000000000000000000001111111111110000000000000000
00000111111111100000000000000000000001000001000001110000000000000000000000000000000000000000000000001111111111111110000000000000
00000111111111100000000000000000000000000000000000111000000000000000000000000000000000000000000000001111111111111111000000000000
00000111111111100000000000000000000000000000000000010000000000000000000000000000000000000000000000000111111111111111000000000000
00000111111111100000000000000000000000000000000110010000000000000000000000000000000000000000000000000111111111111110000000000000
00000111111111000100000000000000000000000000011110010000000000000000000000000000000000000000000000000011111111111110000000000000
00000111111111001100000000000000000000000000111111110000000000000000000000000000000000000000000000000001111111111100000000000000
00000111111110001100000000000000000000000011111111111000000000000000000000000000000000000000000000000001111111111100000000000000
00000011111110001000000000000000000000000111111111111100000000000000000000000000000000000000000000000001111111110000000000000000
00000011111100000000000000000000000000000111111111111110000000000000000000000000000000000000000000000001111111100000000000000000
00000011111100000000000000000000000000000111111111111110000000000000000000000000000000000000000000000001111111100000000000000000
00000001111000000000000000000000000000000011110011111110000000000000000000000000000000000000000000000001111111000000000000000000
00000000000000000000000000000000000000000000000000111100000000000000000000000000000000000000000000000001111110000000000000000000
00000000000000000000000000000000000000000000000000011000000000100000000000000000000000000000000000000001111100000000000000000000
00000000000000000000000000000000000000000000000000001000000000100000000000000000000000000000000000000011110000000000000000000000
00000000000000000000000000000000000000000000000000000000000001000000000000000000000000000000000000000011100000000000000000000000
00000000000000000000000000000000000000000000000000000000000010000000000000000000000000000000000000000011100000000000000000000000
00000000000000000000000000000000000000000000000000000000000000000000000000000000000000000000000000000011100000000000000000000000
00000000000000000000000000000000000000000000000000000000000000000000000000000000000000000000000000000011000000000000000000000000
00000000000000000000000000000000000000000000000000000000000000000000000000000000000000000000000000000000000000000000000000000000
00000000000000000000000000000000000000000000000000000000000000000000000000000000000000000000000000000000000000000000000000000000
00000000000000000000000000000000000000000000000000000000000000000000000000000000000000000000000000000000000000000000000000000000
00000000000000000000000000000000000000000000000000000000000000000000000000000000000000000000000000000000000000000000000000000000
00000000000000000000000000000000000000000000000000000000000000000000000000000000000000000000000000000000001000000000000000000000
00000000000000001111111110000111111111111111111111111000000000000000000000000000000000000000000000000000111000000000000000000000
11111111111111111111111111111111111111111111111111111111111100000000000000000000000000000000000000000001111000000000000000000011
11111111111111111111111111111111111111111111111111111111111100000000000000000000000000000000011111111111111000000000000000111111
11111111111111111111111111111111111111111111111111111111111110000000000011111111111111111111111111111111111100000000000111111111
11111111111111111111111111111111111111111111111111111111111111111111111111111111111111111111111111111111111111111111111111111111
11111111111111111111111111111111111111111111111111111111111111111111111111111111111111111111111111111111111111111111111111111111
11111111111111111111111111111111111111111111111111111111111111111111111111111111111111111111111111111111111111111111111111111111
11111111111111111111111111111111111111111111111111111111111111111111111111111111111111111111111111111111111111111111111111111111