GFDL - R30 Model
Grid point positions:

80 latitudes: (for atmospheric and ocenaographic varables)

   88.2884   86.0711   83.8407   81.6074   79.3730   77.1380   74.9027   72.6673
   70.4317   68.1960   65.9603   63.7245   61.4886   59.2528   57.0169   54.7810
   52.5451   50.3092   48.0733   45.8374   43.6014   41.3655   39.1295   36.8936
   34.6576   32.4217   30.1857   27.9497   25.7138   23.4778   21.2418   19.0058
   16.7699   14.5339   12.2979   10.0619    7.8259    5.5900    3.3540    1.1180
   -1.1180   -3.3540   -5.5900   -7.8259  -10.0619  -12.2979  -14.5339  -16.7699
  -19.0058  -21.2418  -23.4778  -25.7138  -27.9497  -30.1857  -32.4217  -34.6576
  -36.8936  -39.1295  -41.3655  -43.6014  -45.8374  -48.0733  -50.3092  -52.5451
  -54.7810  -57.0169  -59.2528  -61.4886  -63.7245  -65.9603  -68.1960  -70.4317
  -72.6673  -74.9027  -77.1380  -79.3730  -81.6074  -83.8407  -86.0711  -88.2884

96 longitudes (for atmospheric varaibles)

    0.0000    3.7500    7.5000   11.2500   15.0000   18.7500   22.5000   26.2500
   30.0000   33.7500   37.5000   41.2500   45.0000   48.7500   52.5000   56.2500
   60.0000   63.7500   67.5000   71.2500   75.0000   78.7500   82.5000   86.2500
   90.0000   93.7500   97.5000  101.2500  105.0000  108.7500  112.5000  116.2500
  120.0000  123.7500  127.5000  131.2500  135.0000  138.7500  142.5000  146.2500
  150.0000  153.7500  157.5000  161.2500  165.0000  168.7500  172.5000  176.2500
  180.0000  183.7500  187.5000  191.2500  195.0000  198.7500  202.5000  206.2500
  210.0000  213.7500  217.5000  221.2500  225.0000  228.7500  232.5000  236.2500
  240.0000  243.7500  247.5000  251.2500  255.0000  258.7500  262.5000  266.2500
  270.0000  273.7500  277.5000  281.2500  285.0000  288.7500  292.5000  296.2500
  300.0000  303.7500  307.5000  311.2500  315.0000  318.7500  322.5000  326.2500
  330.0000  333.7500  337.5000  341.2500  345.0000  348.7500  352.5000  356.2500

192 longitudes for sea level data

   -0.9375    0.9375    2.8125    4.6875    6.5625    8.4375   10.3125   12.1875
   14.0625   15.9375   17.8125   19.6875   21.5625   23.4375   25.3125   27.1875
   29.0625   30.9375   32.8125   34.6875   36.5625   38.4375   40.3125   42.1875
   44.0625   45.9375   47.8125   49.6875   51.5625   53.4375   55.3125   57.1875
   59.0625   60.9375   62.8125   64.6875   66.5625   68.4375   70.3125   72.1875
   74.0625   75.9375   77.8125   79.6875   81.5625   83.4375   85.3125   87.1875
   89.0625   90.9375   92.8125   94.6875   96.5625   98.4375  100.3125  102.1875
  104.0625  105.9375  107.8125  109.6875  111.5625  113.4375  115.3125  117.1875
  119.0625  120.9375  122.8125  124.6875  126.5625  128.4375  130.3125  132.1875
  134.0625  135.9375  137.8125  139.6875  141.5625  143.4375  145.3125  147.1875
  149.0625  150.9375  152.8125  154.6875  156.5625  158.4375  160.3125  162.1875
  164.0625  165.9375  167.8125  169.6875  171.5625  173.4375  175.3125  177.1875
  179.0625  180.9375  182.8125  184.6875  186.5625  188.4375  190.3125  192.1875
  194.0625  195.9375  197.8125  199.6875  201.5625  203.4375  205.3125  207.1875
  209.0625  210.9375  212.8125  214.6875  216.5625  218.4375  220.3125  222.1875
  224.0625  225.9375  227.8125  229.6875  231.5625  233.4375  235.3125  237.1875
  239.0625  240.9375  242.8125  244.6875  246.5625  248.4375  250.3125  252.1875
  254.0625  255.9375  257.8125  259.6875  261.5625  263.4375  265.3125  267.1875
  269.0625  270.9375  272.8125  274.6875  276.5625  278.4375  280.3125  282.1875
  284.0625  285.9375  287.8125  289.6875  291.5625  293.4375  295.3125  297.1875
  299.0625  300.9375  302.8125  304.6875  306.5625  308.4375  310.3125  312.1875
  314.0625  315.9375  317.8125  319.6875  321.5625  323.4375  325.3125  327.1875
  329.0625  330.9375  332.8125  334.6875  336.5625  338.4375  340.3125  342.1875
  344.0625  345.9375  347.8125  349.6875  351.5625  353.4375  355.3125  357.1875
